$lat=35.2621841431,lon=-72.4553375244,time=1378559795.0                         
 HI=1 F4=1 CN=5 AE=0 EM=0 SC=0 FI=0 PL=0 TS=0 AM=1 MG=1 LA=0 OD=0 XS=0    0    0
   600.000  2500.000
    0    2   43    1    1    7    1 0  0     0.000   100.000  1550.000
    16.592     0.000   180.000
     0.111     0.323     0.540     0.762     0.988     1.457     1.949     2.449
     2.466     2.966     3.012     3.512     3.591     4.091     4.206     4.706
     4.865     5.365     5.574     6.074     6.344     6.844     7.185     7.685
     8.117     8.617     9.117     9.164     9.664    10.164    10.363    10.863
    11.363    11.775    12.275    12.775    13.275    13.509    14.009    14.509
    15.009    15.509    15.797
   21 levels in user defined profile
     0.111 1000.0000   291.800     AA   HAC111AA11
    56.000   395.000     0.000     0.000     0.000                              
     0.323  975.0000   289.900     AA   HAC111AA11
    60.000   395.000     0.000     0.000     0.000                              
     0.540  950.0000   287.800     AA   HAC111AA11
    66.000   395.000     0.000     0.000     0.000                              
     0.762  925.0000   285.600     AA   HAC111AA11
    74.000   395.000     0.000     0.000     0.000                              
     0.988  900.0000   283.400     AA   HAC111AA11
    82.000   395.000     0.000     0.000     0.000                              
     1.457  850.0000   280.700     AA   HAC111AA11
    50.000   395.000     0.000     0.000     0.000                              
     1.949  800.0000   283.300     AA   HAC111AA11
     0.000   395.000     0.000     0.000     0.000                              
     2.466  750.0000   281.800     AA   HAC111AA11
     4.000   395.000     0.000     0.000     0.000                              
     3.012  700.0000   279.500     AA   HAC111AA11
     7.000   395.000     0.000     0.000     0.000                              
     3.591  650.0000   276.400     AA   HAC111AA11
    14.000   395.000     0.000     0.000     0.000                              
     4.206  600.0000   272.900     AA   HAC111AA11
    21.000   395.000     0.000     0.000     0.000                              
     4.865  550.0000   267.700     AA   HAC111AA11
    28.000   395.000     0.000     0.000     0.000                              
     5.574  500.0000   262.700     AA   HAC111AA11
    26.000   395.000     0.000     0.000     0.000                              
     6.344  450.0000   257.000     AA   HAC111AA11
    24.000   395.000     0.000     0.000     0.000                              
     7.185  400.0000   250.200     AA   HAC111AA11
    42.000   395.000     0.000     0.000     0.000                              
     8.117  350.0000   242.700     AA   HAC111AA11
    57.000   395.000     0.000     0.000     0.000                              
     9.164  300.0000   233.800     AA   HAC111AA11
    63.000   395.000     0.000     0.000     0.000                              
    10.363  250.0000   222.900     AA   HAC111AA11
    94.000   395.000     0.000     0.000     0.000                              
    11.775  200.0000   219.700     AA   HAC111AA11
    43.000   395.000     0.000     0.000     0.000                              
    13.509  150.0000   215.100     AA   HAC111AA11
    25.000   395.000     0.000     0.000     0.000                              
    15.797  100.0000   208.900     AA   HAC111AA11
    14.000   395.000     0.001     0.000     0.000                              
CCL4      F11       F12 
    2    0  
     0.111     AAA
 1.105e-04 1.343e-04 2.527e-04
    15.797     AAA
 1.105e-04 1.343e-04 2.527e-04
-1.
%%%%%%%